FID IID CEU YRI NAM
2427 NA19919 0.118120329460536 0.881879670539464 0
2431 NA19916 0.100938198876343 0.89551628211422 0.00354551900943654
2424 NA19835 0.0725467735777014 0.927453226422299 0
2469 NA20282 0.00812742049855452 0.991872579501445 0
2368 NA19703 0.338897070855834 0.661102929144166 0
2425 NA19902 0.122074946817215 0.867697594501718 0.0102274586810669
2425 NA19901 0.00733649702721868 0.992663502972781 0
2427 NA19908 0.0777832324224077 0.853515518463972 0.0687012491136202
2430 NA19914 0.103583701521846 0.896416298478154 0
2470 NA20287 0.0589101620029455 0.941089837997054 0
2484 NA20335 0.484645175366825 0.515354824633175 0
2436 NA19713 0.0932198767250314 0.906780123274969 0
2426 NA19904 0.239486172475863 0.760513827524137 0
2431 NA19917 0.166339387988873 0.833660612011128 0
2436 NA19982 0.38602520045819 0.61397479954181 0
2487 NA20340 0.306851033655157 0.693148966344843 0
2475 NA20297 0.138657066492118 0.852206403752796 0.00913652975508646
2427 NA19909 0.21734031527846 0.634266077565047 0.148393607156494
2424 NA19834 0.163393879888725 0.836606120111275 0
2480 NA20317 0.0853379152348225 0.914662084765178 0
2418 NA19818 0.0632466044837179 0.936753395516282 0
2471 NA20290 0.0303823705885562 0.969617629411444 0
2474 NA20295 0.13909343806251 0.86090656193749 0
2490 NA20346 0.22181312387498 0.75585010636557 0.0223367697594502
2433 NA19921 0.493890798014509 0.496345388097965 0.00976381388752523
2469 NA20281 0.0667648502700049 0.926525936835215 0.0067092128947799
2495 NA20359 0.0287459771995854 0.971254022800415 0
2477 NA20301 0.15922107674685 0.839060710194731 0.00171821305841924
2492 NA20349 0.165412098401789 0.834587901598211 0
2474 NA20294 0.313669339442535 0.686330660557465 0
2485 NA20337 0.272295859924726 0.727704140075274 0
2494 NA20357 0.0685921562210222 0.917253040964381 0.0141548028145966
2425 NA19900 0.371379479626902 0.618283968799433 0.010336551573665
2446 NA20128 0.0643102601865488 0.935689739813451 0
2491 NA20348 0.2542137129766 0.7457862870234 0
2471 NA20289 0.0967381225113184 0.898079965090274 0.00518191239840724
2489 NA20344 0.0438826160475645 0.956117383952436 0
2483 NA20333 0.0618829433262423 0.938117056673758 0
2466 NA20277 0.14187530682376 0.85812469317624 0
2476 NA20300 0.0169093983526973 0.881034200621829 0.102056401025473
2418 NA19819 0.270632193312606 0.729367806687394 0
2488 NA20343 0.553673703158239 0.446217203949163 0.000109092892598047
2357 NA19625 0.137811596574483 0.541100747286314 0.321087656139203
2483 NA20332 0.0645284459717449 0.935471554028255 0
2367 NA19700 0.197021764032073 0.802869143075329 0.000109092892598047
2472 NA20291 0.00520918562155676 0.994790814378443 0
2488 NA20342 0.509681994218077 0.482954235531555 0.00736377025036819
2484 NA20334 0.675448644520809 0.324551355479191 0
2494 NA20356 0.338133420607647 0.661866579392353 0
2472 NA20292 0.204712812960236 0.788741613483881 0.00654557355588283
2492 NA20350 0.106774668630339 0.893225331369661 0
2436 NA19983 0.385588828887798 0.614411171112202 0
2467 NA20279 0.333278786887034 0.666721213112966 0
2470 NA20288 0.0680194185348825 0.931980581465118 0
2469 NA20284 0.133093328969618 0.866906671030382 0
2371 NA19712 0.17427589592538 0.825724104074619 0
2481 NA20322 0.0919107620138548 0.908089237986145 0
2368 NA19704 0.142338951617302 0.857661048382698 0
2437 NA19714 0.116293023509518 0.883706976490482 0
2367 NA19701 0.0627284132438772 0.927044128075056 0.0102274586810669
2494 NA20358 0.190858015600284 0.809141984399716 0
2496 NA20363 0.0997381770577647 0.897070855833742 0.00319096710849288
2495 NA20360 0.215294823542246 0.754295532646048 0.0304096438117057
2433 NA20129 0.0626465935744286 0.927589592538046 0.00976381388752523
2368 NA19705 0.188376152293678 0.811623847706322 0
2424 NA19836 0.144602629138712 0.855397370861288 0
2480 NA20319 0.149266350297278 0.820624011345661 0.030109638357061
2489 NA20345 0.0175366824851361 0.982463317514864 0
2477 NA20302 0.167512136584302 0.79329624174985 0.0391916216658485
2371 NA19711 0.00580919653084602 0.994081710576556 0.000109092892598047
2490 NA20347 0.102001854579174 0.897998145420826 0
2367 NA19702 0.00730922380406916 0.982354224622266 0.010336551573665
2446 NA20126 0.0663557519227622 0.909725631375116 0.0239186167021219
2496 NA20364 0.317051219113075 0.682948780886925 0
2485 NA20336 0.369524900452736 0.630475099547265 0
2430 NA19915 0.0768559428353243 0.923144057164676 0
2369 NA19708 0.176048655430099 0.823951344569901 0
2487 NA20341 0.243849888179785 0.756150111820215 0
2431 NA19918 0.082010582010582 0.914443898979981 0.00354551900943654
2418 NA19828 0.23018600338188 0.76981399661812 0
2437 NA19985 0.224158621065838 0.771477663230241 0.00436371570392189
2466 NA20276 0.141438935253368 0.858561064746632 0
2446 NA20127 0.0532373315878471 0.946762668412153 0
2437 NA19984 0.00373643157148312 0.996263568428517 0
2476 NA20298 0.168848524518628 0.795096274477718 0.0360552010036546
2493 NA20351 0.359488354333715 0.640511645666285 0
2505 NA20412 0.150111820214913 0.849888179785087 0
