FID IID CEU YRI NAM
2427 NA19919 0.118211480362538 0.881788519637462 0
2431 NA19916 0.0728700906344411 0.925172205438066 0.00195770392749245
2424 NA19835 0.246465256797583 0.753534743202417 0
2469 NA20282 0.275432024169184 0.634767371601208 0.0898006042296073
2368 NA19703 0.0992749244712991 0.882549848942598 0.0181752265861027
2425 NA19902 0.0728821752265861 0.927117824773414 0
2425 NA19901 0 0.979395770392749 0.0206042296072508
2427 NA19908 0.164495468277946 0.835504531722054 0
2430 NA19914 0.343395770392749 0.655480362537764 0.0011238670694864
2470 NA20287 0.170151057401813 0.829848942598187 0
2484 NA20335 0.19195166163142 0.80804833836858 0
2436 NA19713 0.345885196374622 0.654114803625378 0
2426 NA19904 0.178429003021148 0.821570996978852 0
2431 NA19917 0.00762537764350453 0.992374622356495 0
2436 NA19982 0.0134138972809668 0.986586102719033 0
2487 NA20340 0.0788761329305136 0.921123867069486 0
2475 NA20297 0.207347432024169 0.792652567975831 0
2427 NA19909 0.115516616314199 0.884483383685801 0
2424 NA19834 0.269993957703927 0.730006042296072 0
2480 NA20317 0.730694864048338 0.269305135951662 0
2418 NA19818 0.399516616314199 0.58795166163142 0.0125317220543807
2471 NA20290 0.102815709969789 0.897184290030211 0
2474 NA20295 0.0221752265861027 0.977824773413897 0
2490 NA20346 0.2157583081571 0.783093655589124 0.00114803625377644
2433 NA19921 0.374864048338369 0.625135951661631 0
2469 NA20281 0.180785498489426 0.819214501510574 0
2495 NA20359 0.357232628398792 0.642767371601208 0
2477 NA20301 0.290320241691843 0.709679758308157 0
2492 NA20349 0.357220543806647 0.642779456193354 0
2474 NA20294 0.0710090634441088 0.928990936555891 0
2485 NA20337 0.470876132930514 0.507141993957704 0.0219818731117825
2494 NA20357 0.127625377643505 0.872374622356495 0
2425 NA19900 0.249981873111782 0.750018126888218 0
2446 NA20128 0.39563746223565 0.60436253776435 0
2491 NA20348 0.0924471299093656 0.890996978851964 0.0165558912386707
2471 NA20289 0.111226586102719 0.888773413897281 0
2489 NA20344 0.30380664652568 0.69619335347432 0
2483 NA20333 0.0894138972809668 0.910586102719033 0
2466 NA20277 0.0989848942598187 0.901015105740181 0
2476 NA20300 0.126102719033233 0.787299093655589 0.0865981873111782
2418 NA19819 0.255069486404834 0.733365558912387 0.0115649546827795
2488 NA20343 0.251117824773414 0.748882175226586 0
2357 NA19625 0.0106102719033233 0.673534743202417 0.31585498489426
2483 NA20332 0.173776435045317 0.826223564954683 0
2367 NA19700 0.0621268882175227 0.937873111782477 0
2472 NA20291 0.0159395770392749 0.984060422960725 0
2488 NA20342 0.0990211480362538 0.881824773413897 0.0191540785498489
2484 NA20334 0.38038670694864 0.608664652567976 0.0109486404833837
2494 NA20356 0.183504531722054 0.816495468277946 0
2472 NA20292 0.078429003021148 0.91631419939577 0.00525679758308157
2492 NA20350 0.16407250755287 0.83592749244713 0
2436 NA19983 0.310489425981873 0.689510574018127 0
2467 NA20279 0.43231419939577 0.520084592145015 0.0476012084592145
2470 NA20288 0.161438066465257 0.832870090634441 0.00569184290030211
2469 NA20284 0.279891238670695 0.676845921450151 0.0432628398791541
2371 NA19712 0.306235649546828 0.693764350453172 0
2481 NA20322 0.355021148036254 0.607021148036254 0.0379577039274924
2368 NA19704 0.155722054380665 0.844277945619335 0
2437 NA19714 0.57563746223565 0.42436253776435 0
2367 NA19701 0.241655589123867 0.758344410876133 0
2494 NA20358 0.239178247734139 0.760821752265861 0
2496 NA20363 0.235311178247734 0.761087613293051 0.0036012084592145
2495 NA20360 0.349280966767372 0.650719033232628 0
2433 NA20129 0.122815709969789 0.877184290030211 0
2368 NA19705 0.102368580060423 0.897631419939577 0
2424 NA19836 0.272761329305136 0.727238670694864 0
2480 NA20319 0.544302114803625 0.455697885196375 0
2489 NA20345 0.125353474320242 0.874646525679758 0
2477 NA20302 0.324990936555891 0.675009063444109 0
2371 NA19711 0.112821752265861 0.881268882175227 0.00590936555891239
2490 NA20347 0.312616314199396 0.687383685800604 0
2367 NA19702 0.112 0.888 0
2446 NA20126 0.617812688821752 0.382187311178248 0
2496 NA20364 0.402066465256798 0.565703927492447 0.0322296072507553
2485 NA20336 0.452676737160121 0.536374622356495 0.0109486404833837
2430 NA19915 0.126900302114804 0.872386706948641 0.000712990936555891
2369 NA19708 0.206235649546828 0.764157099697885 0.029607250755287
2487 NA20341 0.096761329305136 0.903238670694864 0
2431 NA19918 0.0579818731117825 0.942018126888218 0
2418 NA19828 0.433148036253776 0.566851963746224 0
2437 NA19985 0.308410876132931 0.691589123867069 0
2466 NA20276 0.118114803625378 0.881885196374622 0
2446 NA20127 0.0654018126888218 0.933184290030212 0.00141389728096677
2437 NA19984 0.00123262839879154 0.998767371601208 0
2476 NA20298 0.0553957703927492 0.937522658610272 0.00708157099697885
2493 NA20351 0.501510574018127 0.498489425981873 0
2505 NA20412 0.265510574018127 0.70363746223565 0.0308519637462236
