FID IID CEU YRI NAM
2427 NA19919 0.140608374538399 0.859391625461601 0
2431 NA19916 0 1 0
2424 NA19835 0.042780246604494 0.957219753395506 0
2469 NA20282 0.188301934030168 0.811698065969832 0
2368 NA19703 0.20557676660199 0.79442323339801 0
2425 NA19902 0.151811979720849 0.848188020279151 0
2425 NA19901 0.161701195468486 0.838298804531514 0
2427 NA19908 0.140608374538399 0.859391625461601 0
2430 NA19914 0.105839644488953 0.885491644238593 0.00866871127245415
2470 NA20287 0.34778118545409 0.65221881454591 0
2484 NA20335 0.00413093822369656 0.995869061776303 0
2436 NA19713 0.174938974776241 0.825061025223759 0
2426 NA19904 0.0132064843212117 0.986793515678788 0
2431 NA19917 0.0490392439131251 0.950960756086875 0
2436 NA19982 0.269950553921262 0.730049446078738 0
2487 NA20340 0.139575639982475 0.860424360017525 0
2475 NA20297 0.0919446704637917 0.902015397133379 0.00603993240282907
2427 NA19909 0 1 0
2424 NA19834 0.446673342930463 0.553326657069537 0
2480 NA20317 0.0661576015522313 0.933842398447769 0
2418 NA19818 0.359203855542342 0.640796144457658 0
2471 NA20290 0.28797646617012 0.71202353382988 0
2474 NA20295 0.303561369468611 0.696438630531389 0
2490 NA20346 0 0.982725167428178 0.017274832571822
2433 NA19921 0.160042561181699 0.808161732490455 0.0317957063278463
2469 NA20281 0.0861550979533079 0.913844902046692 0
2495 NA20359 0.204137197221005 0.795862802778995 0
2477 NA20301 0.193590786755962 0.806409213244038 0
2492 NA20349 0.424015772673218 0.567284221067785 0.00870000625899731
2474 NA20294 0.279839769668899 0.720160230331101 0
2485 NA20337 0.213650873130125 0.786349126869875 0
2494 NA20357 0.0911310008136696 0.90886899918633 0
2425 NA19900 0.0139575639982475 0.986042436001753 0
2446 NA20128 0.148745071039619 0.851254928960381 0
2491 NA20348 0.0535770169618827 0.946422983038117 0
2471 NA20289 0.261813857420041 0.738186142579959 0
2489 NA20344 0.590880640921324 0.400419352819678 0.00870000625899731
2483 NA20333 0.209488639919885 0.790511360080115 0
2466 NA20277 0.022501095324529 0.977498904675471 0
2476 NA20300 0.0639982474807536 0.436001752519246 0.5
2418 NA19819 0.343587657257307 0.651311259936158 0.00510108280653439
2488 NA20343 0.373411779432935 0.48463416160731 0.141954058959755
2357 NA19625 0.0730112036051825 0.926988796394818 0
2483 NA20332 0.31961569756525 0.68038430243475 0
2367 NA19700 0.0271640483194592 0.972835951680541 0
2472 NA20291 0.083369844150967 0.916630155849033 0
2488 NA20342 0.462790261000188 0.290918194905176 0.246291544094636
2484 NA20334 0.0429367215372097 0.95706327846279 0
2494 NA20356 0.0681604806909933 0.931839519309007 0
2472 NA20292 0.192213807348063 0.807786192651937 0
2492 NA20350 0.42007260436878 0.571227389372223 0.00870000625899731
2436 NA19983 0.221036489954309 0.778963510045691 0
2467 NA20279 0.297677911998498 0.702322088001502 0
2470 NA20288 0.0722601239281467 0.927739876071853 0
2469 NA20284 0.114790010640295 0.885209989359705 0
2371 NA19712 0.0864367528321963 0.907523314764975 0.00603993240282907
2481 NA20322 0.478312574325593 0.521687425674407 0
2368 NA19704 0.108562308318207 0.891437691681793 0
2437 NA19714 0.535488514739939 0.464511485260061 0
2367 NA19701 0.149089315891594 0.850910684108406 0
2494 NA20358 0.10511985979846 0.89488014020154 0
2496 NA20363 0.163172059836014 0.836827940163986 0
2495 NA20360 0.0758277523940665 0.924172247605934 0
2433 NA20129 0.475183075671277 0.501001439569381 0.0238154847593416
2368 NA19705 0 1 0
2424 NA19836 0.150747950178381 0.849252049821619 0
2480 NA20319 0.208862740189022 0.791137259810978 0
2489 NA20345 0.653940038805783 0.346059961194217 0
2477 NA20302 0.146898666833573 0.847812480440633 0.00528885272579333
2371 NA19711 0 1 0
2490 NA20347 0.0156161982850347 0.984383801714965 0
2367 NA19702 0.132377793077549 0.867622206922451 0
2446 NA20126 0.138292545534205 0.861707454465795 0
2496 NA20364 0.445671903361082 0.554328096638918 0
2485 NA20336 0.159667021343181 0.840332978656819 0
2430 NA19915 0.0656568817675408 0.925674406960005 0.00866871127245415
2369 NA19708 0.136727796207048 0.834731176065594 0.0285410277273581
2487 NA20341 0.304656693997622 0.695343306002378 0
2431 NA19918 0 1 0
2418 NA19828 0.381736245853414 0.59807848782625 0.0201852663203355
2437 NA19985 0.136665206233961 0.863334793766039 0
2466 NA20276 0.0718219941165425 0.928178005883457 0
2446 NA20127 0.105245039744633 0.894754960255367 0
2437 NA19984 0.155442198159855 0.844557801840145 0
2476 NA20298 0.15678788258121 0.84321211741879 0
2493 NA20351 0.458158602991801 0.526256493709708 0.0155849032984916
2505 NA20412 0.234962758966014 0.765037241033986 0
