FID IID CEU YRI NAM
2427 NA19919 0.0422588208052331 0.910995976728704 0.0467452024660627
2431 NA19916 0.0619120669194477 0.938087933080552 0
2424 NA19835 0.115401314075661 0.884598685924339 0
2469 NA20282 0.335639237025674 0.664360762974326 0
2368 NA19703 0.20333439462792 0.79666560537208 0
2425 NA19902 0.0508553069553388 0.949144693044661 0
2425 NA19901 0 1 0
2427 NA19908 0.0309994500564416 0.969000549943558 0
2430 NA19914 0.149078120929694 0.841413644389128 0.00950823468117746
2470 NA20287 0.0788879562360705 0.92111204376393 0
2484 NA20335 0.429867724102 0.564632840313757 0.00549943558424267
2436 NA19713 0.306825089004023 0.693174910995977 0
2426 NA19904 0.298199658456106 0.701800341543894 0
2431 NA19917 0.0387999652667226 0.961200034733277 0
2436 NA19982 0.0365712466352138 0.963428753364786 0
2487 NA20340 0.192856522620047 0.790196532461142 0.016946944918811
2475 NA20297 0.247619323279979 0.720483950331413 0.0318967263886075
2427 NA19909 0.0995687284726041 0.7719470896408 0.128484181886596
2424 NA19834 0.115763119048308 0.852759848331355 0.0314770326203363
2480 NA20317 0.426162841182089 0.569191582969116 0.00464557584879447
2418 NA19818 0.0682653622391386 0.931734637760861 0
2471 NA20290 0.0502474746012909 0.949752525398709 0
2474 NA20295 0.155691915829691 0.844308084170309 0
2490 NA20346 0.0567454919100408 0.943254508089959 0
2433 NA19921 0.392949144693045 0.607050855306955 0
2469 NA20281 0.148933398940635 0.851066601059365 0
2495 NA20359 0.635604503748299 0.3643954962517 0
2477 NA20301 0.0720281339546731 0.911213059712293 0.0167588063330342
2492 NA20349 0.296868216156763 0.703131783843237 0
2474 NA20294 0.0829256997308171 0.910706532750586 0.00636776751859678
2485 NA20337 0.439187820197401 0.560812179802599 0
2494 NA20357 0.110943876812643 0.889056123187357 0
2425 NA19900 0.10318677819908 0.89681322180092 0
2446 NA20128 0.312483718776231 0.687516281223769 0
2491 NA20348 0.0750962401227242 0.924903759877276 0
2471 NA20289 0.0656024776404527 0.934397522359547 0
2489 NA20344 0.429144114156705 0.569119221974587 0.00173666386870821
2483 NA20333 0.0229094908680425 0.977090509131957 0
2466 NA20277 0.0978031202060841 0.902196879793916 0
2476 NA20300 0.041983849026021 0.788575646183681 0.169440504790298
2418 NA19819 0.0834756432892414 0.889548177950158 0.0269761787606009
2488 NA20343 0.391936090769632 0.608063909230368 0
2357 NA19625 0.0849228631798315 0.687747836406264 0.227329300413905
2483 NA20332 0.174708385192046 0.825291614807954 0
2367 NA19700 0.251845205360502 0.743842079365539 0.00431271527395873
2472 NA20291 0.0423890705953863 0.957610929404614 0
2488 NA20342 0.59396798749602 0.40603201250398 0
2484 NA20334 0.460331702798923 0.539668297201077 0
2494 NA20356 0.138484471330574 0.861515528669426 0
2472 NA20292 0.235042982430751 0.764957017569249 0
2492 NA20350 0.466279776549249 0.533720223450751 0
2436 NA19983 0.132333786795566 0.867666213204434 0
2467 NA20279 0.54749775680917 0.45250224319083 0
2470 NA20288 0.0862687776780804 0.91373122232192 0
2469 NA20284 0.291339836174708 0.708660163825292 0
2371 NA19712 0.0196966627109323 0.980303337289068 0
2481 NA20322 0.462791976612927 0.537208023387073 0
2368 NA19704 0.0472372572288634 0.952762742771137 0
2437 NA19714 0.406784566847087 0.593215433152913 0
2367 NA19701 0.0529537757966946 0.867825407392399 0.0792208168109062
2494 NA20358 0.179310544444123 0.820689455555877 0
2496 NA20363 0.234493038872326 0.765506961127674 0
2495 NA20360 0.335248487655214 0.664751512344786 0
2433 NA20129 0.1405105791774 0.8594894208226 0
2368 NA19705 0.0736200758343223 0.926379924165678 0
2424 NA19836 0.111247792989667 0.888752207010333 0
2480 NA20319 0.49904483487221 0.287374453674491 0.213580711453298
2489 NA20345 0.248010072650439 0.751989927349561 0
2477 NA20302 0.0407537121190194 0.959246287880981 0
2371 NA19711 0 1 0
2490 NA20347 0.142232770847203 0.855509566123477 0.00225766302932067
2367 NA19702 0.271035341109728 0.656068193001245 0.0728964658890272
2446 NA20126 0.371906567483863 0.628093432516136 0
2496 NA20364 0.153231642015688 0.846768357984312 0
2485 NA20336 0.429129641957799 0.570870358042201 0
2430 NA19915 0.101059364959912 0.898940635040088 0
2369 NA19708 0.496685866450549 0.501866913658861 0.00144721989059018
2487 NA20341 0.0962980115198703 0.815624185938812 0.0880778025413181
2431 NA19918 0.089857883006744 0.910142116993256 0
2418 NA19828 0.10488002547107 0.869070016498307 0.0260499580306232
2437 NA19985 0.425714203016006 0.574285796983994 0
2466 NA20276 0.0884106631161539 0.898057830906828 0.0135315059770181
2446 NA20127 0.294277692552606 0.705722307447394 0
2437 NA19984 0.250774262641466 0.749225737358534 0
2476 NA20298 0.0621146777041304 0.93788532229587 0
2493 NA20351 0.213841211033604 0.786158788966396 0
2505 NA20412 0.151408144953544 0.848591855046456 0
