FID IID CEU YRI NAM
2427 NA19919 0.00460548388080642 0.995394516119194 0
2431 NA19916 0.124317564888523 0.875682435111477 0
2424 NA19835 0.14492024277915 0.85507975722085 0
2469 NA20282 0.277793027724403 0.722206972275597 0
2368 NA19703 0.043020099429652 0.955302406441577 0.00167749412877055
2425 NA19902 0.0482813310153414 0.951718668984659 0
2425 NA19901 0.112468356360753 0.887531643639247 0
2427 NA19908 0.163037179369872 0.827706103028639 0.00925671760148839
2430 NA19914 0.325113612102358 0.670296153963461 0.00459023393418123
2470 NA20287 0.141611004361485 0.827660353188764 0.0307286424497514
2484 NA20335 0.395842864549974 0.604157135450026 0
2436 NA19713 0.357428249001129 0.642571750998872 0
2426 NA19904 0.0594595418916034 0.934577728977949 0.00596272913044804
2431 NA19917 0.172873394943118 0.827126605056882 0
2436 NA19982 0.186262848080032 0.813737151919968 0
2487 NA20340 0.189007838472565 0.810992161527435 0
2475 NA20297 0.134077530728642 0.865922469271358 0
2427 NA19909 0.0100802147192485 0.989919785280752 0
2424 NA19834 0.143608747369384 0.856391252630616 0
2480 NA20317 0.433540732607436 0.566459267392564 0
2418 NA19818 0.278921523774667 0.7163357428249 0.0047427334004331
2471 NA20290 0.136105773629792 0.863894226370208 0
2474 NA20295 0.067023515417696 0.932976484582304 0
2490 NA20346 0.0866044468844359 0.913395553115564 0
2433 NA19921 0.221779973770092 0.776771281300515 0.00144874492939275
2469 NA20281 0.298288955988654 0.701711044011346 0
2495 NA20359 0.119178332875835 0.879647421234026 0.00117424589013938
2477 NA20301 0.306401927593253 0.688916338792814 0.00468173361393235
2492 NA20349 0.329261597584408 0.670738402415592 0
2474 NA20294 0.225897459358892 0.774102540641108 0
2485 NA20337 0.267270564553024 0.732729435446976 0
2494 NA20357 0.0725897459358892 0.927410254064111 0
2425 NA19900 0.117211089761186 0.882788910238814 0
2446 NA20128 0.0934821728123952 0.906517827187605 0
2491 NA20348 0.305090432183487 0.690395583615457 0.0045139842010553
2471 NA20289 0.274804038185866 0.725195961814134 0
2489 NA20344 0.152880714917498 0.847119285082502 0
2483 NA20333 0.179873120444078 0.820126879555922 0
2466 NA20277 0.100192149327477 0.899807850672523 0
2476 NA20300 0.0629517796687712 0.488272791045231 0.448775429285998
2418 NA19819 0.211288010491963 0.788711989508037 0
2488 NA20343 0.0996431512489706 0.886601396895111 0.0137554518559185
2357 NA19625 0.137844267545064 0.726629456796901 0.135526275658035
2483 NA20332 0.195153566962516 0.804846433037484 0
2367 NA19700 0.138271266050569 0.861728733949431 0
2472 NA20291 0 1 0
2488 NA20342 0.134931527739653 0.861057736297923 0.00401073596242413
2484 NA20334 0.479275322536371 0.517491688779089 0.0032329886845396
2494 NA20356 0.0135419526031659 0.986458047396834 0
2472 NA20292 0.108854119010583 0.891145880989416 0
2492 NA20350 0.289337237319669 0.707124775063287 0.00353798761704334
2436 NA19983 0.297267209564767 0.702732790435234 0
2467 NA20279 0.558148046481837 0.441851953518163 0
2470 NA20288 0.0782627260804587 0.915637295269467 0.00609997865007472
2469 NA20284 0.472062097782658 0.527937902217342 0
2371 NA19712 0.0172629395797115 0.982737060420289 0
2481 NA20322 0.179598621404825 0.794415469545857 0.0259859090493183
2368 NA19704 0.147634733278434 0.852365266721566 0
2437 NA19714 0.0740232409186568 0.925976759081343 0
2367 NA19701 0.0079757220849727 0.990301033946381 0.00172324396864611
2494 NA20358 0.0735199926800256 0.926480007319974 0
2496 NA20363 0.246744136395523 0.753255863604477 0
2495 NA20360 0.146414737548419 0.853585262451581 0
2433 NA20129 0.0863451977918077 0.912587305944429 0.00106749626376308
2368 NA19705 0.146704486534297 0.853295513465703 0
2424 NA19836 0.0950071674749138 0.904992832525086 0
2480 NA20319 0.211699759050843 0.645514990697533 0.142785250251624
2489 NA20345 0.139491261780584 0.860508738219416 0
2477 NA20302 0.25473510842712 0.745264891572879 0
2371 NA19711 0.260621587824443 0.739378412175557 0
2490 NA20347 0.218867233964681 0.781132766035319 0
2367 NA19702 0.0522615670845152 0.947738432915485 0
2446 NA20126 0.217494738768414 0.779897520358679 0.00260774087290694
2496 NA20364 0.149586726446457 0.841751303870437 0.00866196968310611
2485 NA20336 0.254430109494617 0.745569890505383 0
2430 NA19915 0.246362887729893 0.749046878335926 0.00459023393418123
2369 NA19708 0.36654771708299 0.492390276634032 0.141062006282978
2487 NA20341 0.164440174459389 0.835559825540611 0
2431 NA19918 0.207902522341172 0.792097477658828 0
2418 NA19828 0.24982462561381 0.75017537438619 0
2437 NA19985 0.272592795925214 0.727407204074786 0
2466 NA20276 0.15227071705249 0.846814286149998 0.000914996797511209
2446 NA20127 0.00800622197822308 0.978451825418611 0.0135419526031659
2437 NA19984 0.210495013267454 0.784396254613109 0.00510873211943758
2476 NA20298 0.120444078445725 0.866166468417361 0.013389453136914
2493 NA20351 0.333409583066459 0.666590416933541 0
2505 NA20412 0.307423674017141 0.692576325982859 0
